0000000 98
000000100 45
0000001010 69
0000001011 68
00000011 120
000001 117
0000100 119
000010100 43
0000101010000 52
0000101010001 53
0000101010010 113
0000101010011 49
0000101010100 89
0000101010101 106
0000101010110 59
0000101010111 88
00001010110 85
00001010111 58
00001011 118
000011 102
0001000 121
000100100 84
0001001010 107
000100101100 82
000100101101 66
00010010111 71
00010011 67
0001010 44
0001011 103
00011 108
001 32
0100 97
0101 116
011000000 47
011000001 95
011000010 73
0110000110 83
0110000111 77
0110001 10
011001 46
01101 104
01110 99
011110000 65
0111100010 80
0111100011 78
0111100100 79
01111001010 72
01111001011 75
011110011 70
01111010 40
01111011 41
011111 112
1000 115
1001 105
101 101
1100 111
11010 100
11011 109
1110 110
1111 114
